
 n°0     241 92 5 19 10 9
 n°1     247 93 5 18 10 2
 n°2     242 93 5 19 10 5
 n°3     245 94 5 18 10 4
 n°4     240 98 5 19 10 1
 n°5     245 95 5 19 10 9
 n°6     240 93 5 19 10 2
 n°7     244 94 5 19 10 1
 n°8     247 93 5 20 10 3
 n°9     244 92 5 18 10 1
 n°10     245 94 5 19 10 1
 n°11     240 99 5 18 10 1
 n°12     249 97 5 18 10 6
 n°13     248 92 5 18 10 2
 n°14     247 96 5 18 10 7
 n°15     245 92 5 18 10 3
 n°16     243 97 5 18 10 10
 n°17     247 94 5 18 10 4
 n°18     246 99 5 18 10 2
 n°19     245 93 5 18 10 21
 n°0     240 94 5 18 10 12
 n°1     249 92 5 19 10 6
 n°2     247 97 5 20 10 17
 n°3     240 96 5 18 10 9
 n°4     243 95 5 19 10 8
 n°5     245 94 5 19 10 2
 n°6     243 93 5 19 10 9
 n°7     240 92 5 18 10 3
 n°8     244 93 5 18 10 8
 n°9     240 92 5 18 10 8
 n°10     241 93 5 19 10 3
 n°11     245 92 5 19 10 3
 n°12     248 94 5 19 10 8
 n°13     244 93 5 18 10 3
 n°14     249 93 5 18 10 3
 n°15     245 93 5 19 10 9
 n°16     242 92 5 19 10 3
 n°17     244 95 5 18 10 8
 n°18     240 95 5 18 10 8
 n°19     246 97 5 18 10 1
 n°20     243 96 5 18 10 13
 n°21     243 92 5 18 10 1
 n°22     243 93 5 19 10 5
 n°23     247 99 5 19 10 11
 n°24     247 94 5 18 10 3
 n°25     243 94 5 18 10 3
 n°26     248 96 5 19 10 2
 n°27     247 97 5 18 10 3
 n°28     250 93 5 18 10 1
 n°29     244 93 5 18 10 1
 n°30     243 94 5 18 10 3
 n°31     244 95 5 18 10 0
 n°31     244 93 5 19 10 2
 n°32     241 97 5 18 10 7
 n°33     246 96 5 19 10 9
 n°34     243 92 5 19 10 2
 n°35     241 92 5 19 10 18
 n°36     242 95 5 18 10 8
 n°37     250 93 5 19 10 1
 n°38     242 97 5 19 10 2
 n°39     243 92 5 18 10 5
 n°0     242 94 5 19 10 5
 n°1     242 98 5 18 10 1
 n°2     240 92 5 19 10 7
 n°3     246 96 5 18 10 4
 n°4     248 96 5 18 10 2
 n°5     240 97 5 19 10 39
 n°6     250 92 5 18 10 7
 n°7     241 93 5 19 10 1
 n°8     246 92 5 18 10 15
 n°9     245 94 5 18 10 1
 n°10     248 92 5 18 10 5
 n°11     250 98 5 18 10 2