n°0     398 100 26 4 1 20 7 7 19 20 9 15 865.6 
n°0     396 95 26 4 1 20 7 7 19 20 9 15 860.2 
n°0     400 97 28 4 1 20 7 7 19 20 9 15 869.0 
n°0     393 92 26 4 1 20 7 7 19 20 9 15 856.6 
n°0     399 96 26 4 1 20 7 7 19 20 9 15 861.8 
n°0     398 100 28 4 1 20 7 7 19 20 9 15 871.6 
n°0     398 100 27 4 1 20 7 7 19 20 9 15 868.6 
n°0     397 97 26 4 1 20 7 7 19 20 9 15 862.4 
n°0     393 100 26 4 1 20 7 7 19 20 9 15 864.6 
n°0     396 93 27 4 1 20 7 7 19 20 9 15 861.2 
n°0     390 100 27 4 1 20 7 7 19 20 9 15 867.0 
n°0     396 99 28 4 1 20 7 7 19 20 9 15 870.2 
n°0     393 100 26 4 1 20 7 7 19 20 9 15 864.6 
n°0     393 100 26 4 1 20 7 7 19 20 9 15 864.6 
n°0     393 100 26 4 1 20 7 7 19 20 9 15 864.6 
n°0     393 100 26 4 1 20 7 7 19 20 9 15 864.6 
n°0     393 100 26 4 1 20 7 7 19 20 9 15 864.6 
n°0     393 100 26 4 1 20 7 7 19 20 9 15 864.6 
n°0     393 100 26 4 1 20 7 7 19 20 9 15 864.6 
n°0     393 100 26 4 1 20 7 7 19 20 9 15 864.6 
n°0     393 100 26 4 1 20 7 7 19 20 9 15 864.6 
n°0     393 100 26 4 1 20 7 7 19 20 9 15 864.6 
n°0     393 100 26 4 1 20 7 7 19 20 9 15 864.6 
n°0     393 100 26 4 1 20 7 7 19 20 9 15 864.6 
n°0     393 100 26 4 1 20 7 7 19 20 9 15 864.6 
n°0     393 100 26 4 1 20 7 7 19 20 9 15 864.6 
n°0     393 100 26 4 1 20 7 7 19 20 9 15 864.6 
n°0     393 100 26 4 1 20 7 7 19 20 9 15 864.6 
n°0     393 100 26 4 1 20 7 7 19 20 9 15 864.6 
n°0     393 100 26 4 1 20 7 7 19 20 9 15 864.6 
n°0     393 100 26 4 1 20 7 7 19 20 9 15 864.6 
n°0     393 100 26 4 1 20 7 7 19 20 9 15 864.6 
n°0     393 100 26 4 1 20 7 7 19 20 9 15 864.6 
n°0     393 100 26 4 1 20 7 7 19 20 9 15 864.6 
n°0     393 100 26 4 1 20 7 7 19 20 9 15 864.6 
n°0     393 100 26 4 1 20 7 7 19 20 9 15 864.6 
n°0     393 100 26 4 1 20 7 7 19 20 9 15 864.6 
n°0     393 100 26 4 1 20 7 7 19 20 9 15 864.6 
n°0     393 100 26 4 1 20 7 7 19 20 9 15 864.6 
n°0     393 100 26 4 1 20 7 7 19 20 9 15 864.6 
n°0     393 100 26 4 1 20 7 7 19 20 9 15 864.6 
n°0     393 100 26 4 1 20 7 7 19 20 9 15 864.6 
n°0     393 100 26 4 1 20 7 7 19 20 9 15 864.6 
n°0     398 100 28 4 1 20 7 7 19 20 9 15 871.6 
n°0     398 99 27 4 1 20 7 7 19 20 9 15 867.6 
n°0     390 95 28 4 1 20 7 7 19 20 9 15 865.0 
n°0     396 92 28 4 1 20 7 7 19 20 9 15 863.2 
n°0     398 97 26 4 1 20 7 7 19 20 9 15 862.6 
n°0     391 100 28 4 1 20 7 7 19 20 9 15 870.2 
n°0     394 97 28 4 1 20 7 7 19 20 9 15 867.8 
n°0     397 100 26 4 1 20 7 7 19 20 9 15 865.4 
n°0     391 100 27 4 1 20 7 7 19 20 9 15 867.2 
n°0     398 96 28 4 1 20 7 7 19 20 9 15 867.6 
n°0     400 98 26 4 1 20 7 7 19 20 9 15 864.0 
n°0     397 100 28 4 1 20 7 7 19 20 9 15 871.4 
