
 n°1     293 46 4 2 9 8 9 10 482.6 

 n°1     293 46 4 2 9 8 9 10 482.6 

 n°1     291 46 4 2 8 8 8 10 472.2 
n°2     297 47 4 2 8 8 8 10 475.4 
n°3     297 46 4 2 8 9 8 10 478.4 
n°4     296 46 4 2 10 10 10 10 503.2 
n°5     297 47 4 2 8 8 8 10 475.4 
n°6     299 46 4 2 10 9 9 10 493.8 
n°7     297 46 4 2 9 8 8 10 478.4 
n°8     297 48 4 2 8 8 8 10 477.4 
n°9     298 47 4 2 10 10 9 10 500.6 
n°10     298 46 4 2 10 10 9 10 498.6 

 n°1     297 48 4 2 8 8 8 10 477.4 
n°2     297 48 4 2 8 8 8 10 477.4 
n°3     298 46 4 2 10 10 10 10 503.6 
n°4     297 47 4 2 10 10 10 10 505.4 
n°5     296 46 4 2 10 10 10 10 503.2 
n°6     300 48 4 2 8 8 8 10 478.0 
n°7     297 46 4 2 8 8 8 10 473.4 
n°8     299 46 4 2 8 8 8 10 473.8 
n°9     292 46 4 2 9 8 8 10 477.4 
n°10     295 49 4 2 9 9 9 10 494.0 

 n°1     290 47 4 2 10 9 8 10 489.0 
n°2     298 46 4 2 9 8 8 10 478.6 
n°3     297 47 4 2 8 8 8 10 475.4 
n°4     297 47 4 2 8 8 8 10 475.4 
n°5     292 47 4 2 8 8 8 10 474.4 

 n°1     299 48 4 2 8 8 8 10 477.8 
n°2     300 46 4 2 10 10 10 10 504.0 
n°3     290 46 4 2 8 8 8 10 472.0 
n°4     292 48 4 2 8 8 8 10 476.4 
n°5     300 46 4 2 8 8 8 10 474.0 
n°6     299 46 4 2 8 8 8 10 473.8 
n°7     290 47 4 2 10 10 9 10 499.0 
n°8     291 46 4 2 8 8 8 10 472.2 

 n°1     297 46 4 2 9 8 9 10 483.4 
n°2     298 46 4 2 8 9 8 10 478.6 
n°3     298 47 4 2 8 8 8 10 475.6 
n°4     300 47 4 2 8 8 8 10 476.0 
n°5     300 48 4 2 8 8 8 10 478.0 
n°6     295 48 4 2 8 8 8 10 477.0 
n°7     292 47 4 2 8 8 8 10 474.4 
n°8     290 47 4 2 8 8 8 10 474.0 
n°9     296 46 4 2 8 8 8 10 473.2 
n°10     300 48 4 2 8 8 8 10 478.0 
n°11     296 48 4 2 10 10 10 10 507.2 
n°12     296 48 4 2 10 8 8 10 487.2 
n°13     296 48 4 2 8 8 9 10 482.2 
n°14     295 48 4 2 10 9 9 10 497.0 
n°15     297 47 4 2 8 8 8 10 475.4 
n°16     299 46 4 2 8 8 8 10 473.8 
n°17     292 46 4 2 10 10 9 10 497.4 
n°18     292 50 4 2 8 8 9 10 485.4 
n°19     293 46 4 2 10 10 10 10 502.6 
n°20     293 47 4 2 9 8 9 10 484.6 
n°21     293 47 4 2 8 8 8 10 474.6 
n°22     299 47 4 2 10 10 9 10 500.8 
n°23     296 47 4 2 8 10 8 10 485.2 
n°24     291 47 4 2 10 9 9 10 494.2 
n°25     292 49 4 2 9 9 9 10 493.4 
n°26     299 49 4 2 9 9 9 10 494.8 
n°27     298 48 4 2 8 8 8 10 477.6 
n°28     299 46 4 2 8 8 8 10 473.8 
n°29     292 47 4 2 8 8 8 10 474.4 
n°30     299 47 4 2 10 10 9 10 500.8 
n°31     290 47 4 2 8 8 8 10 474.0 
n°32     300 46 4 2 8 8 8 10 474.0 
n°33     293 46 4 2 9 9 9 10 487.6 
n°34     294 46 4 2 9 8 8 10 477.8 
n°35     299 48 4 2 8 8 8 10 477.8 
n°36     296 47 4 2 8 8 8 10 475.2 
n°37     295 47 4 2 8 9 8 10 480.0 
n°38     298 46 4 2 9 8 10 10 488.6 
n°39     300 48 4 2 8 9 8 10 483.0 
n°40     296 48 4 2 8 9 8 10 482.2 
n°41     291 48 4 2 8 8 8 10 476.2 
n°42     292 47 4 2 8 8 8 10 474.4 
n°43     298 46 4 2 8 8 8 10 473.6 
n°44     296 48 4 2 8 8 8 10 477.2 
n°45     294 47 4 2 8 8 8 10 474.8 
n°46     293 46 4 2 10 10 10 10 502.6 
n°47     293 48 4 2 10 10 9 10 501.6 
n°48     291 46 4 2 8 8 8 10 472.2 
n°49     295 46 4 2 8 8 8 10 473.0 
n°50     297 48 4 2 8 8 8 10 477.4 
n°51     299 48 4 2 10 10 10 10 507.8 
n°52     298 46 4 2 8 8 8 10 473.6 
n°53     298 46 4 2 8 8 8 10 473.6 
n°54     292 46 4 2 8 8 8 10 472.4 
n°55     297 48 4 2 10 10 10 10 507.4 
n°56     293 46 4 2 8 8 8 10 472.6 
n°57     295 47 4 2 9 9 8 10 485.0 
n°58     298 49 4 2 8 9 10 10 494.6 
n°59     299 48 4 2 8 9 10 10 492.8 
n°60     297 46 4 2 8 8 8 10 473.4 
n°61     296 47 4 2 8 8 8 10 475.2 
n°62     290 48 4 2 8 8 8 10 476.0 
n°63     300 50 4 2 10 10 9 10 507.0 
n°64     292 48 4 2 8 8 8 10 476.4 
n°65     292 47 4 2 8 8 8 10 474.4 
n°66     300 46 4 2 8 8 8 10 474.0 
n°67     292 47 4 2 8 9 8 10 479.4 
n°68     290 46 4 2 8 8 8 10 472.0 
n°69     300 47 4 2 8 8 8 10 476.0 
n°70     300 46 4 2 8 8 8 10 474.0 
n°71     298 48 4 2 8 9 8 10 482.6 

 n°1     298 48 4 2 8 8 8 10 477.6 
n°2     294 47 4 2 8 8 8 10 474.8 
n°3     296 49 4 2 8 8 8 10 479.2 
n°4     296 48 4 2 8 8 8 10 477.2 
n°5     299 46 4 2 10 10 9 10 498.8 
n°6     291 50 4 2 8 8 9 10 485.2 
n°7     300 47 4 2 8 8 8 10 476.0 
n°8     293 47 4 2 8 8 8 10 474.6 
n°9     294 47 4 2 9 9 9 10 489.8 
n°10     294 47 4 2 8 9 8 10 479.8 
n°11     296 46 4 2 8 8 8 10 473.2 
n°12     297 48 4 2 8 8 9 10 482.4 
n°13     294 48 4 2 10 10 9 10 501.8 
n°14     299 47 4 2 9 8 8 10 480.8 
n°15     296 50 4 2 9 9 9 10 496.2 
n°16     296 50 4 2 8 8 8 10 481.2 
n°17     297 48 4 2 8 8 8 10 477.4 
n°18     292 48 4 2 8 8 8 10 476.4 
n°19     292 48 4 2 8 8 8 10 476.4 
n°20     293 48 4 2 8 8 8 10 476.6 
n°21     294 48 4 2 9 9 9 10 491.8 
n°22     291 50 4 2 8 8 8 10 480.2 
n°23     291 46 4 2 8 9 8 10 477.2 
n°24     297 48 4 2 9 8 8 10 482.4 
n°25     292 48 4 2 8 8 8 10 476.4 
n°26     296 48 4 2 8 8 8 10 477.2 
n°27     296 46 4 2 9 8 8 10 478.2 
n°28     295 48 4 2 8 8 8 10 477.0 
n°29     293 48 4 2 9 8 8 10 481.6 
n°30     300 47 4 2 9 8 8 10 481.0 
n°31     291 46 4 2 8 8 9 10 477.2 
n°32     291 48 4 2 8 8 8 10 476.2 
n°33     295 48 4 2 10 10 9 10 502.0 
n°34     290 48 4 2 8 8 8 10 476.0 
n°35     296 48 4 2 8 8 8 10 477.2 
n°36     295 46 4 2 8 8 8 10 473.0 
n°37     290 50 4 2 8 8 8 10 480.0 
n°38     296 47 4 2 9 8 8 10 480.2 
n°39     296 47 4 2 10 9 9 10 495.2 
n°40     295 47 4 2 9 8 8 10 480.0 

 n°1     291 46 4 2 8 8 8 10 472.2 
n°2     295 48 4 2 8 8 8 10 477.0 
n°3     294 46 4 2 8 8 8 10 472.8 
n°4     298 47 4 2 8 8 8 10 475.6 
n°5     292 46 4 2 8 8 8 10 472.4 
n°6     290 48 4 2 8 8 8 10 476.0 
n°7     296 48 4 2 8 8 9 10 482.2 
n°8     299 48 4 2 8 8 9 10 482.8 
n°9     299 47 4 2 8 8 8 10 475.8 
n°10     295 47 4 2 8 8 8 10 475.0 
n°11     299 47 4 2 9 8 8 10 480.8 
n°12     293 47 4 2 8 8 8 10 474.6 
n°13     298 47 4 2 10 9 10 10 500.6 
n°14     297 47 4 2 8 8 8 10 475.4 
n°15     293 48 4 2 10 9 9 10 496.6 
n°16     295 46 4 2 8 8 8 10 473.0 
n°17     298 46 4 2 8 8 8 10 473.6 
n°18     298 49 4 2 9 9 9 10 494.6 
n°19     297 47 4 2 8 8 8 10 475.4 
n°20     297 49 4 2 10 9 9 10 499.4 
n°21     297 48 4 2 8 8 8 10 477.4 
n°22     298 47 4 2 8 8 8 10 475.6 
n°23     297 46 4 2 8 9 8 10 478.4 
n°24     294 47 4 2 8 8 8 10 474.8 
n°25     296 49 4 2 8 8 8 10 479.2 
n°26     298 48 4 2 9 9 8 10 487.6 
n°27     293 47 4 2 8 8 8 10 474.6 
n°28     292 46 4 2 8 8 8 10 472.4 
n°29     300 47 4 2 8 8 9 10 481.0 
n°30     296 46 4 2 8 8 8 10 473.2 
n°31     298 48 4 2 10 10 9 10 502.6 
n°32     290 48 4 2 10 10 8 10 496.0 
n°33     295 48 4 2 8 8 8 10 477.0 
n°34     292 46 4 2 10 10 9 10 497.4 
n°35     300 46 4 2 9 9 9 10 489.0 
n°36     294 46 4 2 8 8 8 10 472.8 
n°37     291 47 4 2 8 8 8 10 474.2 
n°38     300 46 4 2 10 10 10 10 504.0 
n°39     296 46 4 2 8 8 8 10 473.2 
n°40     299 46 4 2 8 9 8 10 478.8 
n°41     291 48 4 2 9 8 8 10 481.2 
n°42     292 48 4 2 10 8 8 10 486.4 
n°43     297 46 4 2 10 10 10 10 503.4 
n°44     299 48 4 2 8 8 8 10 477.8 
n°45     293 50 4 2 8 8 8 10 480.6 
n°46     296 46 4 2 10 9 9 10 493.2 
n°47     300 47 4 2 8 8 8 10 476.0 
n°48     292 46 4 2 8 8 8 10 472.4 
n°49     295 47 4 2 10 8 8 10 485.0 
n°50     300 48 4 2 8 8 8 10 478.0 
n°51     296 47 4 2 9 9 9 10 490.2 
n°52     299 46 4 2 9 8 8 10 478.8 
n°53     295 47 4 2 10 9 9 10 495.0 
n°54     297 48 4 2 8 8 8 10 477.4 
n°55     297 50 4 2 10 9 9 10 501.4 
n°56     297 47 4 2 8 8 8 10 475.4 
n°57     297 46 4 2 9 8 8 10 478.4 
n°58     294 46 4 2 9 9 9 10 487.8 
n°59     296 48 4 2 8 8 9 10 482.2 
n°60     300 46 4 2 10 10 10 10 504.0 
n°61     300 47 4 2 8 8 9 10 481.0 
n°62     300 47 4 2 9 9 9 10 491.0 
n°63     291 48 4 2 9 8 9 10 486.2 
n°64     299 46 4 2 8 8 8 10 473.8 
n°65     296 46 4 2 8 8 8 10 473.2 
n°66     297 48 4 2 10 10 9 10 502.4 
n°67     296 46 4 2 8 8 8 10 473.2 
n°68     295 49 4 2 9 9 8 10 489.0 
n°69     296 50 4 2 9 9 9 10 496.2 
n°70     291 46 4 2 9 8 8 10 477.2 
n°71     297 46 4 2 9 8 8 10 478.4 
n°72     297 46 4 2 8 8 8 10 473.4 
n°73     295 46 4 2 9 8 8 10 478.0 
n°74     294 47 4 2 8 8 8 10 474.8 
n°75     297 47 4 2 8 8 8 10 475.4 
n°76     290 49 4 2 8 8 8 10 478.0 
n°77     296 46 4 2 8 8 8 10 473.2 
n°78     299 46 4 2 8 9 8 10 478.8 
n°79     297 46 4 2 8 8 8 10 473.4 
n°80     295 46 4 2 9 9 8 10 483.0 
n°81     298 47 4 2 8 9 8 10 480.6 
n°82     298 46 4 2 9 8 8 10 478.6 
n°83     295 47 4 2 9 9 8 10 485.0 
n°84     298 48 4 2 8 8 9 10 482.6 
n°85     294 46 4 2 8 8 8 10 472.8 
n°86     299 48 4 2 10 10 10 10 507.8 
n°87     297 48 4 2 9 9 9 10 492.4 
n°88     296 46 4 2 10 10 10 10 503.2 
n°89     294 47 4 2 8 8 8 10 474.8 
n°90     296 48 4 2 8 8 8 10 477.2 
n°91     290 48 4 2 8 8 8 10 476.0 
n°92     290 46 4 2 8 8 8 10 472.0 
n°93     290 46 4 2 8 8 8 10 472.0 
n°94     293 48 4 2 8 9 8 10 481.6 
n°95     293 46 4 2 8 8 8 10 472.6 
n°96     296 47 4 2 10 8 8 10 485.2 
n°97     296 47 4 2 10 9 9 10 495.2 
n°98     296 46 4 2 8 8 9 10 478.2 
n°99     296 47 4 2 9 9 9 10 490.2 
n°100     298 47 4 2 9 9 9 10 490.6 
n°101     298 48 4 2 8 8 8 10 477.6 
n°102     297 46 4 2 8 8 8 10 473.4 
n°103     297 46 4 2 8 8 8 10 473.4 
n°104     296 46 4 2 8 8 8 10 473.2 
n°105     296 47 4 2 8 8 8 10 475.2 
n°106     296 46 4 2 8 8 8 10 473.2 
n°107     296 48 4 2 8 8 8 10 477.2 
n°108     296 48 4 2 9 8 8 10 482.2 
n°109     297 47 4 2 8 8 8 10 475.4 
n°110     293 48 4 2 8 8 9 10 481.6 
n°111     299 46 4 2 9 9 9 10 488.8 
n°112     296 48 4 2 8 8 8 10 477.2 
n°113     298 46 4 2 8 9 8 10 478.6 
n°114     300 49 4 2 8 8 8 10 480.0 
n°115     292 47 4 2 8 8 8 10 474.4 
n°116     296 47 4 2 8 8 9 10 480.2 
n°117     296 48 4 2 9 8 9 10 487.2 
n°118     299 46 4 2 9 8 8 10 478.8 
n°119     297 46 4 2 10 10 10 10 503.4 
n°120     297 46 4 2 8 10 9 10 488.4 
n°121     290 46 4 2 8 8 8 10 472.0 
n°122     298 47 4 2 8 8 8 10 475.6 
n°123     293 48 4 2 8 9 8 10 481.6 
n°124     297 46 4 2 9 9 9 10 488.4 
n°125     296 48 4 2 8 8 9 10 482.2 
n°126     294 46 4 2 9 8 8 10 477.8 
n°127     296 47 4 2 8 8 8 10 475.2 

 n°1     291 49 4 2 10 10 10 10 508.2 
n°2     290 47 4 2 8 8 8 10 474.0 
n°3     290 50 4 2 8 8 8 10 480.0 
n°4     298 47 4 2 8 8 8 10 475.6 
n°5     293 49 4 2 8 8 8 10 478.6 
n°6     298 49 4 2 8 8 9 10 484.6 
n°7     297 46 4 2 8 8 8 10 473.4 
n°8     292 48 4 2 10 8 9 10 491.4 
n°9     300 46 4 2 8 8 8 10 474.0 
n°10     295 48 4 2 8 8 8 10 477.0 
n°11     298 48 4 2 8 8 8 10 477.6 
n°12     298 46 4 2 8 8 8 10 473.6 
n°13     292 47 4 2 9 8 8 10 479.4 
n°14     298 47 4 2 8 8 8 10 475.6 
n°15     299 46 4 2 10 10 9 10 498.8 
n°16     298 46 4 2 8 8 8 10 473.6 
n°17     297 46 4 2 8 8 8 10 473.4 
n°18     297 47 4 2 8 8 9 10 480.4 
n°19     299 46 4 2 8 8 8 10 473.8 
n°20     298 47 4 2 9 9 8 10 485.6 
n°21     300 48 4 2 8 8 8 10 478.0 
n°22     295 46 4 2 8 8 8 10 473.0 
n°23     298 46 4 2 9 8 8 10 478.6 
n°24     298 47 4 2 10 10 9 10 500.6 
n°25     298 46 4 2 8 8 8 10 473.6 
n°26     298 47 4 2 8 9 8 10 480.6 
n°27     298 50 4 2 8 9 8 10 486.6 
n°28     298 50 4 2 9 9 9 10 496.6 
n°29     298 46 4 2 9 8 9 10 483.6 
n°30     292 47 4 2 8 8 9 10 479.4 
n°31     297 48 4 2 9 9 9 10 492.4 
n°32     296 48 4 2 8 8 8 10 477.2 
n°33     298 49 4 2 8 9 8 10 484.6 
n°34     298 46 4 2 8 8 8 10 473.6 
n°35     291 47 4 2 8 8 8 10 474.2 
n°36     297 46 4 2 8 8 8 10 473.4 
n°37     292 46 4 2 8 8 8 10 472.4 
n°38     293 46 4 2 8 8 8 10 472.6 
n°39     298 48 4 2 8 8 8 10 477.6 
n°40     296 48 4 2 9 8 8 10 482.2 
n°41     297 47 4 2 8 8 8 10 475.4 
n°42     297 47 4 2 8 8 8 10 475.4 
n°43     294 48 4 2 8 9 8 10 481.8 
n°44     298 48 4 2 9 8 9 10 487.6 
n°45     296 47 4 2 8 8 8 10 475.2 
n°46     299 48 4 2 8 8 9 10 482.8 
n°47     298 47 4 2 8 8 8 10 475.6 
n°48     298 47 4 2 9 8 8 10 480.6 
n°49     290 47 4 2 8 8 8 10 474.0 
n°50     297 48 4 2 8 8 8 10 477.4 
n°51     295 46 4 2 8 8 9 10 478.0 
n°52     296 48 4 2 9 9 9 10 492.2 
n°53     299 48 4 2 10 9 9 10 497.8 
n°54     292 48 4 2 8 8 8 10 476.4 
n°55     296 46 4 2 9 9 8 10 483.2 
n°56     298 47 4 2 8 8 8 10 475.6 
n°57     292 47 4 2 8 8 8 10 474.4 
n°58     296 46 4 2 8 8 9 10 478.2 
n°59     300 48 4 2 8 8 8 10 478.0 
n°60     292 48 4 2 8 8 8 10 476.4 
n°61     291 47 4 2 8 8 8 10 474.2 
n°62     291 47 4 2 9 9 8 10 484.2 

 n°1     297 47 4 2 8 8 8 10 475.4 
n°2     297 46 4 2 10 10 10 10 503.4 
n°3     299 48 4 2 9 8 8 10 482.8 
n°4     298 48 4 2 8 8 8 10 477.6 

 n°1     298 46 4 2 8 9 8 10 478.6 
n°2     291 48 4 2 8 8 8 10 476.2 
n°3     291 48 4 2 8 8 8 10 476.2 
n°4     294 48 4 2 8 8 8 10 476.8 
n°5     296 50 4 2 9 9 9 10 496.2 
n°6     299 47 4 2 9 8 8 10 480.8 
n°7     294 48 4 2 8 8 8 10 476.8 
n°8     290 46 4 2 8 8 8 10 472.0 
n°9     300 48 4 2 8 8 8 10 478.0 
n°10     300 46 4 2 8 9 8 10 479.0 
n°11     299 46 4 2 9 9 9 10 488.8 
n°12     299 48 4 2 10 10 10 10 507.8 
n°13     295 47 4 2 10 10 9 10 500.0 
n°14     296 48 4 2 8 8 8 10 477.2 
n°15     297 48 4 2 9 9 8 10 487.4 
n°16     298 46 4 2 8 8 8 10 473.6 
n°17     294 47 4 2 8 8 8 10 474.8 
n°18     298 47 4 2 8 8 8 10 475.6 
n°19     291 48 4 2 8 8 8 10 476.2 
n°20     291 47 4 2 8 8 8 10 474.2 
n°21     293 48 4 2 10 10 9 10 501.6 
n°22     296 50 4 2 9 8 8 10 486.2 
n°23     296 50 4 2 8 8 9 10 486.2 
n°24     295 47 4 2 8 8 8 10 475.0 
n°25     299 46 4 2 8 8 8 10 473.8 
n°26     297 46 4 2 8 8 8 10 473.4 
n°27     298 46 4 2 8 8 8 10 473.6 
n°28     296 47 4 2 8 8 8 10 475.2 
n°29     296 48 4 2 10 10 10 10 507.2 
n°30     299 47 4 2 10 10 9 10 500.8 
n°31     296 46 4 2 8 9 8 10 478.2 
n°32     299 47 4 2 8 8 8 10 475.8 
n°33     299 47 4 2 8 8 8 10 475.8 
n°34     291 46 4 2 8 8 8 10 472.2 
n°35     291 47 4 2 8 8 8 10 474.2 
n°36     291 47 4 2 8 8 8 10 474.2 
n°37     295 47 4 2 10 10 9 10 500.0 
n°38     297 47 4 2 9 9 8 10 485.4 
n°39     291 48 4 2 8 9 8 10 481.2 
n°40     290 47 4 2 8 8 8 10 474.0 
n°41     298 48 4 2 10 9 9 10 497.6 
n°42     298 50 4 2 10 9 9 10 501.6 
n°43     298 47 4 2 10 10 10 10 505.6 
n°44     300 46 4 2 8 8 8 10 474.0 
n°45     300 46 4 2 8 8 8 10 474.0 
n°46     291 48 4 2 8 8 8 10 476.2 
n°47     291 47 4 2 8 8 8 10 474.2 
n°48     300 46 4 2 8 8 8 10 474.0 
n°49     291 48 4 2 8 8 8 10 476.2 
n°50     291 47 4 2 8 8 8 10 474.2 
n°51     300 46 4 2 8 8 8 10 474.0 
n°52     291 48 4 2 8 8 8 10 476.2 
n°53     291 47 4 2 8 8 8 10 474.2 
n°54     300 46 4 2 8 8 8 10 474.0 
n°55     291 48 4 2 8 8 8 10 476.2 

 n°1     292 47 4 2 8 8 8 10 474.4 
n°2     294 47 4 2 9 9 8 10 484.8 
n°3     298 47 4 2 9 9 9 10 490.6 
n°4     299 48 4 2 9 9 9 10 492.8 
n°5     297 46 4 2 9 8 8 10 478.4 
n°6     290 46 4 2 8 8 8 10 472.0 
n°7     299 48 4 2 8 8 8 10 477.8 
n°8     293 49 4 2 9 9 9 10 493.6 
n°9     295 47 4 2 8 8 8 10 475.0 
n°10     298 47 4 2 10 9 9 10 495.6 
n°11     295 48 4 2 8 8 8 10 477.0 
n°12     297 47 4 2 9 9 9 10 490.4 
n°13     300 46 4 2 9 8 8 10 479.0 
n°14     297 47 4 2 8 8 8 10 475.4 
n°15     290 48 4 2 8 8 8 10 476.0 
n°16     290 48 4 2 8 9 8 10 481.0 
n°17     290 48 4 2 8 9 8 10 481.0 
n°18     294 48 4 2 9 9 8 10 486.8 
n°19     290 48 4 2 8 8 8 10 476.0 
n°20     291 47 4 2 8 8 8 10 474.2 
n°21     298 47 4 2 8 8 8 10 475.6 
n°22     294 47 4 2 8 8 8 10 474.8 
n°23     294 48 4 2 8 8 8 10 476.8 
n°24     300 48 4 2 8 8 9 10 483.0 
n°25     300 48 4 2 8 8 9 10 483.0 
n°26     297 47 4 2 8 8 8 10 475.4 
n°27     292 48 4 2 8 8 8 10 476.4 
n°28     299 46 4 2 8 8 8 10 473.8 
n°29     291 47 4 2 8 8 8 10 474.2 
n°30     296 48 4 2 8 8 8 10 477.2 
n°31     294 48 4 2 8 8 8 10 476.8 
n°32     294 50 4 2 9 8 8 10 485.8 
n°33     299 48 4 2 8 9 8 10 482.8 
n°34     293 46 4 2 8 8 8 10 472.6 
n°35     293 46 4 2 8 8 8 10 472.6 
n°36     293 46 4 2 8 9 8 10 477.6 
n°37     300 46 4 2 8 9 8 10 479.0 
n°38     297 47 4 2 8 8 9 10 480.4 
n°39     291 47 4 2 8 8 8 10 474.2 
n°40     296 47 4 2 8 8 8 10 475.2 
n°41     290 47 4 2 9 8 8 10 479.0 
n°42     298 50 4 2 10 10 10 10 511.6 
n°43     295 47 4 2 8 8 8 10 475.0 
n°44     290 48 4 2 8 9 8 10 481.0 
n°45     299 47 4 2 9 9 8 10 485.8 
n°46     299 48 4 2 10 10 10 10 507.8 
n°47     298 47 4 2 8 8 8 10 475.6 
n°48     299 48 4 2 10 10 9 10 502.8 
n°49     291 46 4 2 8 8 8 10 472.2 
n°50     295 48 4 2 8 8 8 10 477.0 
n°51     294 50 4 2 8 8 8 10 480.8 
n°52     298 50 4 2 8 8 8 10 481.6 
n°53     291 49 4 2 8 8 8 10 478.2 
n°54     295 46 4 2 8 8 8 10 473.0 
n°55     298 50 4 2 9 9 9 10 496.6 
n°56     300 47 4 2 8 8 8 10 476.0 
n°57     293 47 4 2 9 9 8 10 484.6 
n°58     293 47 4 2 9 9 8 10 484.6 
n°59     292 47 4 2 10 10 10 10 504.4 
n°60     296 47 4 2 8 8 10 10 485.2 
n°61     298 47 4 2 8 8 8 10 475.6 
n°62     299 46 4 2 8 8 8 10 473.8 
n°63     299 48 4 2 8 8 8 10 477.8 
n°64     291 47 4 2 8 8 8 10 474.2 
n°65     290 50 4 2 8 8 8 10 480.0 
n°66     300 49 4 2 9 9 9 10 495.0 
n°67     296 46 4 2 8 8 8 10 473.2 
n°68     296 48 4 2 10 10 9 10 502.2 
n°69     294 48 4 2 10 8 8 10 486.8 
n°70     293 47 4 2 8 8 8 10 474.6 
n°71     292 46 4 2 8 8 8 10 472.4 
n°72     291 47 4 2 8 8 8 10 474.2 
n°73     299 46 4 2 8 8 8 10 473.8 
n°74     290 49 4 2 9 8 8 10 483.0 
n°75     299 48 4 2 9 9 8 10 487.8 
n°76     296 46 4 2 8 8 8 10 473.2 
n°77     296 46 4 2 8 8 8 10 473.2 
n°78     295 47 4 2 8 8 8 10 475.0 
n°79     297 47 4 2 8 8 8 10 475.4 
n°80     296 49 4 2 10 9 9 10 499.2 
n°81     296 46 4 2 8 8 9 10 478.2 
n°82     296 49 4 2 8 8 8 10 479.2 
n°83     298 48 4 2 8 8 8 10 477.6 
n°84     292 48 4 2 8 8 8 10 476.4 
n°85     295 47 4 2 8 8 8 10 475.0 
n°86     295 47 4 2 8 8 8 10 475.0 
n°87     292 48 4 2 8 8 8 10 476.4 
n°88     297 48 4 2 8 8 8 10 477.4 
n°89     300 48 4 2 8 8 8 10 478.0 
n°90     298 47 4 2 8 8 8 10 475.6 
n°91     298 49 4 2 10 9 9 10 499.6 
n°92     297 50 4 2 8 9 8 10 486.4 
n°93     298 48 4 2 9 9 9 10 492.6 
n°94     291 46 4 2 8 8 8 10 472.2 
n°95     294 48 4 2 9 9 8 10 486.8 
n°96     295 48 4 2 9 8 8 10 482.0 
n°97     292 47 4 2 8 8 8 10 474.4 
n°98     292 47 4 2 8 8 8 10 474.4 
n°99     291 48 4 2 9 9 9 10 491.2 
n°100     291 47 4 2 9 9 8 10 484.2 
n°101     297 47 4 2 9 8 8 10 480.4 
n°102     297 47 4 2 10 8 8 10 485.4 
n°103     296 49 4 2 10 9 9 10 499.2 
n°104     294 48 4 2 8 8 8 10 476.8 
n°105     297 48 4 2 8 8 8 10 477.4 
n°106     290 48 4 2 8 8 9 10 481.0 
n°107     296 48 4 2 8 8 9 10 482.2 
n°108     297 48 4 2 8 9 8 10 482.4 
n°109     294 46 4 2 8 8 8 10 472.8 
n°110     290 47 4 2 8 8 8 10 474.0 
n°111     298 48 4 2 8 8 8 10 477.6 
n°112     293 48 4 2 10 10 9 10 501.6 
n°113     294 48 4 2 8 8 8 10 476.8 
n°114     290 47 4 2 8 8 8 10 474.0 
n°115     300 47 4 2 8 8 8 10 476.0 
n°116     300 48 4 2 8 8 9 10 483.0 
n°117     297 48 4 2 8 8 8 10 477.4 
n°118     296 48 4 2 9 9 9 10 492.2 
n°119     290 48 4 2 8 8 8 10 476.0 
n°120     297 48 4 2 8 8 8 10 477.4 
n°121     299 46 4 2 8 8 8 10 473.8 
n°122     299 47 4 2 8 8 8 10 475.8 
n°123     295 49 4 2 9 9 8 10 489.0 
n°124     290 47 4 2 10 10 10 10 504.0 
n°125     290 47 4 2 10 10 10 10 504.0 
n°126     298 49 4 2 9 9 9 10 494.6 
n°127     297 46 4 2 8 9 8 10 478.4 
n°128     297 50 4 2 8 8 8 10 481.4 
n°129     294 46 4 2 8 8 8 10 472.8 
n°130     297 47 4 2 10 8 8 10 485.4 
n°131     292 46 4 2 8 8 8 10 472.4 
n°132     294 46 4 2 9 9 9 10 487.8 
n°133     294 48 4 2 10 9 9 10 496.8 
n°134     292 46 4 2 8 8 8 10 472.4 
n°135     296 47 4 2 9 9 9 10 490.2 
n°136     296 47 4 2 9 9 9 10 490.2 
n°137     296 50 4 2 9 8 9 10 491.2 
n°138     296 50 4 2 8 8 8 10 481.2 
n°139     296 49 4 2 8 8 8 10 479.2 
n°140     296 49 4 2 8 8 9 10 484.2 
n°141     291 47 4 2 9 8 8 10 479.2 
n°142     297 47 4 2 8 8 8 10 475.4 
n°143     295 48 4 2 8 8 8 10 477.0 
n°144     291 47 4 2 8 8 8 10 474.2 
n°145     290 46 4 2 8 8 8 10 472.0 
n°146     297 48 4 2 8 8 8 10 477.4 
n°147     298 47 4 2 10 10 9 10 500.6 
n°148     293 47 4 2 8 8 9 10 479.6 
n°149     292 48 4 2 8 8 8 10 476.4 
n°150     294 46 4 2 8 8 8 10 472.8 
n°151     292 46 4 2 8 8 8 10 472.4 
n°152     292 46 4 2 8 9 8 10 477.4 
n°153     296 47 4 2 8 8 8 10 475.2 
n°154     295 49 4 2 8 8 8 10 479.0 
n°155     291 46 4 2 9 8 9 10 482.2 
n°156     295 47 4 2 9 8 8 10 480.0 
n°157     291 46 4 2 8 8 8 10 472.2 
n°158     291 50 4 2 8 8 8 10 480.2 
n°159     294 48 4 2 8 8 8 10 476.8 
n°160     299 49 4 2 9 9 9 10 494.8 
n°161     299 48 4 2 8 8 9 10 482.8 
n°162     298 47 4 2 8 8 8 10 475.6 
n°163     299 47 4 2 8 8 8 10 475.8 
n°164     297 49 4 2 8 8 8 10 479.4 
n°165     293 47 4 2 8 8 8 10 474.6 
n°166     290 48 4 2 8 8 8 10 476.0 
n°167     292 47 4 2 8 8 8 10 474.4 
n°168     292 47 4 2 8 8 8 10 474.4 
n°169     299 50 4 2 9 8 8 10 486.8 
n°170     297 47 4 2 8 8 8 10 475.4 
n°171     291 46 4 2 8 8 8 10 472.2 
n°172     296 48 4 2 8 8 8 10 477.2 
n°173     298 47 4 2 8 8 8 10 475.6 
n°174     296 47 4 2 8 8 8 10 475.2 
n°175     295 48 4 2 8 8 8 10 477.0 
n°176     293 48 4 2 8 9 8 10 481.6 
n°177     297 47 4 2 8 8 8 10 475.4 
n°178     290 47 4 2 10 9 9 10 494.0 
n°179     295 48 4 2 9 9 9 10 492.0 
n°180     300 49 4 2 10 9 9 10 500.0 
n°181     300 49 4 2 9 9 9 10 495.0 

 n°1     296 47 4 2 8 8 9 10 480.2 
n°2     298 48 4 2 9 9 8 10 487.6 
n°3     296 49 4 2 9 8 8 10 484.2 
n°4     298 48 4 2 8 8 9 10 482.6 
n°5     295 48 4 2 8 8 8 10 477.0 
n°6     296 46 4 2 8 8 8 10 473.2 
n°7     296 46 4 2 9 9 9 10 488.2 
n°8     290 46 4 2 9 9 8 10 482.0 
n°9     297 48 4 2 9 9 8 10 487.4 
n°10     292 48 4 2 8 8 9 10 481.4 
n°11     295 46 4 2 9 8 8 10 478.0 
n°12     291 48 4 2 8 8 8 10 476.2 
n°13     294 48 4 2 8 8 9 10 481.8 
n°14     298 47 4 2 8 8 8 10 475.6 
n°15     292 46 4 2 9 8 8 10 477.4 
n°16     292 46 4 2 9 8 8 10 477.4 
n°17     300 49 4 2 10 9 9 10 500.0 
n°18     293 48 4 2 8 8 8 10 476.6 
n°19     297 46 4 2 8 8 8 10 473.4 
n°20     297 47 4 2 8 8 8 10 475.4 
n°21     294 50 4 2 8 8 8 10 480.8 
n°22     300 49 4 2 9 8 8 10 485.0 
n°23     293 48 4 2 8 8 8 10 476.6 
n°24     300 46 4 2 8 8 8 10 474.0 
n°25     291 46 4 2 8 8 8 10 472.2 
n°26     296 46 4 2 8 8 8 10 473.2 
n°27     296 46 4 2 8 8 8 10 473.2 
n°28     295 48 4 2 8 8 8 10 477.0 
n°29     295 50 4 2 8 8 8 10 481.0 
n°30     295 47 4 2 9 9 8 10 485.0 
n°31     290 46 4 2 8 9 9 10 482.0 
n°32     296 46 4 2 10 8 9 10 488.2 
n°33     290 47 4 2 8 8 8 10 474.0 
n°34     299 48 4 2 8 8 9 10 482.8 
n°35     293 47 4 2 8 8 8 10 474.6 
n°36     293 47 4 2 8 8 8 10 474.6 
n°37     293 46 4 2 8 8 8 10 472.6 
n°38     297 47 4 2 8 8 8 10 475.4 
n°39     297 47 4 2 10 9 9 10 495.4 
n°40     294 49 4 2 8 9 8 10 483.8 
n°41     292 47 4 2 8 8 8 10 474.4 
n°42     290 47 4 2 8 8 8 10 474.0 
n°43     290 50 4 2 8 8 8 10 480.0 
n°44     291 46 4 2 8 8 8 10 472.2 
n°45     295 46 4 2 9 9 9 10 488.0 
n°46     299 48 4 2 8 8 8 10 477.8 
n°47     299 49 4 2 8 8 8 10 479.8 
n°48     290 48 4 2 8 8 8 10 476.0 
n°49     290 48 4 2 9 9 9 10 491.0 
n°50     299 48 4 2 10 9 9 10 497.8 
n°51     299 46 4 2 9 8 8 10 478.8 
n°52     297 47 4 2 8 9 8 10 480.4 
n°53     298 48 4 2 8 8 8 10 477.6 
n°54     298 48 4 2 8 8 8 10 477.6 
n°55     295 49 4 2 10 10 10 10 509.0 
n°56     296 47 4 2 8 8 8 10 475.2 
n°57     297 50 4 2 9 9 9 10 496.4 
n°58     292 49 4 2 10 9 9 10 498.4 
n°59     293 46 4 2 9 8 8 10 477.6 
n°60     292 48 4 2 8 8 8 10 476.4 
n°61     297 48 4 2 8 8 8 10 477.4 
n°62     296 48 4 2 10 9 9 10 497.2 
n°63     290 46 4 2 8 8 8 10 472.0 
n°64     292 49 4 2 10 9 9 10 498.4 
n°65     299 47 4 2 8 8 8 10 475.8 
n°66     300 48 4 2 10 9 9 10 498.0 
n°67     295 49 4 2 9 9 9 10 494.0 
n°68     297 48 4 2 8 8 9 10 482.4 
n°69     297 48 4 2 8 8 9 10 482.4 
n°70     296 48 4 2 10 10 10 10 507.2 
n°71     296 46 4 2 9 8 8 10 478.2 
n°72     294 47 4 2 9 8 8 10 479.8 
n°73     297 46 4 2 8 8 8 10 473.4 
n°74     294 48 4 2 8 8 8 10 476.8 
n°75     292 47 4 2 9 8 8 10 479.4 
n°76     300 49 4 2 9 9 9 10 495.0 
n°77     296 48 4 2 8 8 9 10 482.2 
n°78     296 48 4 2 8 8 9 10 482.2 
n°79     290 46 4 2 9 9 9 10 487.0 
n°80     290 50 4 2 10 10 9 10 505.0 
n°81     290 49 4 2 8 8 8 10 478.0 
n°82     294 48 4 2 9 8 8 10 481.8 
n°83     297 47 4 2 8 8 8 10 475.4 
n°84     295 48 4 2 8 8 8 10 477.0 
n°85     297 48 4 2 10 10 10 10 507.4 

 n°1     291 48 4 2 8 8 8 10 476.2 
n°2     290 47 4 2 8 8 8 10 474.0 
n°3     296 47 4 2 8 8 8 10 475.2 
n°4     294 46 4 2 8 8 8 10 472.8 

 n°1     295 47 4 2 8 8 8 10 475.0 
n°2     296 47 4 2 9 8 8 10 480.2 
n°3     297 48 4 2 10 10 10 10 507.4 
n°4     296 48 4 2 8 8 8 10 477.2 
n°5     294 48 4 2 8 8 8 10 476.8 
n°6     300 48 4 2 9 9 8 10 488.0 
n°7     300 47 4 2 9 8 8 10 481.0 
n°8     298 48 4 2 8 8 8 10 477.6 
n°9     298 46 4 2 9 9 8 10 483.6 
n°10     292 47 4 2 10 10 9 10 499.4 
n°11     300 48 4 2 8 8 8 10 478.0 
n°12     297 48 4 2 8 8 8 10 477.4 
n°13     297 46 4 2 8 8 8 10 473.4 
n°14     295 47 4 2 8 8 8 10 475.0 
n°15     299 47 4 2 8 8 8 10 475.8 
n°16     299 46 4 2 8 9 8 10 478.8 
n°17     294 48 4 2 8 8 8 10 476.8 
n°18     292 48 4 2 8 8 8 10 476.4 
n°19     290 46 4 2 8 8 8 10 472.0 
n°20     290 46 4 2 8 8 8 10 472.0 
n°21     294 48 4 2 10 10 9 10 501.8 
n°22     300 47 4 2 8 8 8 10 476.0 
n°23     298 46 4 2 8 8 8 10 473.6 
n°24     296 46 4 2 8 8 8 10 473.2 
n°25     296 46 4 2 8 8 8 10 473.2 
n°26     291 47 4 2 8 8 8 10 474.2 
n°27     297 46 4 2 8 8 9 10 478.4 
n°28     296 46 4 2 9 8 8 10 478.2 
n°29     294 46 4 2 8 8 8 10 472.8 
n°30     293 48 4 2 8 8 8 10 476.6 
n°31     293 48 4 2 8 8 8 10 476.6 
n°32     298 47 4 2 8 8 8 10 475.6 
n°33     294 46 4 2 8 8 8 10 472.8 
n°34     297 47 4 2 8 8 8 10 475.4 
n°35     300 47 4 2 9 8 8 10 481.0 
n°36     290 46 4 2 8 8 8 10 472.0 
n°37     291 48 4 2 8 8 9 10 481.2 
n°38     291 48 4 2 8 8 9 10 481.2 
n°39     291 49 4 2 10 10 10 10 508.2 
n°40     291 50 4 2 8 8 10 10 490.2 
n°41     294 47 4 2 8 8 8 10 474.8 
n°42     296 48 4 2 8 9 9 10 487.2 
n°43     293 48 4 2 8 8 8 10 476.6 
n°44     290 47 4 2 9 8 8 10 479.0 
n°45     300 46 4 2 8 9 8 10 479.0 
n°46     299 47 4 2 8 8 8 10 475.8 
n°47     292 48 4 2 8 8 8 10 476.4 
n°48     299 47 4 2 8 9 8 10 480.8 
n°49     290 48 4 2 8 8 8 10 476.0 
n°50     291 46 4 2 8 8 8 10 472.2 
n°51     291 46 4 2 8 8 8 10 472.2 
n°52     290 49 4 2 9 9 9 10 493.0 
n°53     298 46 4 2 9 8 8 10 478.6 
n°54     293 48 4 2 8 8 8 10 476.6 
n°55     298 48 4 2 8 8 8 10 477.6 
n°56     291 47 4 2 8 8 8 10 474.2 
n°57     291 47 4 2 8 8 8 10 474.2 
n°58     300 47 4 2 8 8 8 10 476.0 
n°59     293 49 4 2 8 8 8 10 478.6 
n°60     293 49 4 2 8 8 8 10 478.6 
n°61     300 48 4 2 8 8 8 10 478.0 
n°62     290 47 4 2 8 8 8 10 474.0 
n°63     297 49 4 2 9 9 9 10 494.4 
n°64     294 47 4 2 9 9 8 10 484.8 
n°65     297 47 4 2 10 10 10 10 505.4 
n°66     292 46 4 2 8 9 8 10 477.4 
n°67     300 47 4 2 8 8 8 10 476.0 
n°68     297 48 4 2 8 8 8 10 477.4 
n°69     294 48 4 2 8 8 8 10 476.8 
n°70     294 47 4 2 8 8 8 10 474.8 
n°71     293 50 4 2 8 8 9 10 485.6 
n°72     295 46 4 2 9 9 10 10 493.0 
n°73     300 48 4 2 8 8 8 10 478.0 
n°74     300 48 4 2 8 8 8 10 478.0 
n°75     295 48 4 2 8 9 8 10 482.0 
n°76     298 48 4 2 8 8 8 10 477.6 
n°77     290 47 4 2 8 8 8 10 474.0 
n°78     299 46 4 2 8 8 8 10 473.8 
n°79     292 48 4 2 10 10 10 10 506.4 
n°80     300 47 4 2 9 9 9 10 491.0 
n°81     290 46 4 2 8 8 8 10 472.0 
n°82     290 50 4 2 10 9 9 10 500.0 
n°83     299 47 4 2 8 8 8 10 475.8 
n°84     299 46 4 2 8 8 8 10 473.8 
n°85     300 47 4 2 8 8 8 10 476.0 
n°86     293 50 4 2 8 8 8 10 480.6 
n°87     297 49 4 2 9 9 9 10 494.4 
n°88     292 49 4 2 8 8 8 10 478.4 
n°89     293 46 4 2 8 8 9 10 477.6 
n°90     293 46 4 2 8 8 9 10 477.6 
n°91     292 47 4 2 8 8 8 10 474.4 
n°92     300 47 4 2 8 8 8 10 476.0 
n°93     293 50 4 2 8 8 8 10 480.6 
n°94     291 48 4 2 8 8 8 10 476.2 
n°95     300 46 4 2 8 8 8 10 474.0 
n°96     295 48 4 2 8 8 9 10 482.0 
n°97     296 49 4 2 10 10 10 10 509.2 
n°98     297 47 4 2 8 8 8 10 475.4 
n°99     295 48 4 2 8 8 8 10 477.0 
n°100     290 46 4 2 8 8 8 10 472.0 
n°101     300 48 4 2 8 8 8 10 478.0 
n°102     296 46 4 2 8 8 10 10 483.2 
n°103     292 48 4 2 8 8 8 10 476.4 
n°104     291 49 4 2 10 9 9 10 498.2 
n°105     291 49 4 2 10 8 8 10 488.2 
n°106     298 47 4 2 8 8 8 10 475.6 
n°107     292 46 4 2 8 8 8 10 472.4 
n°108     291 46 4 2 8 8 8 10 472.2 
n°109     300 47 4 2 8 8 8 10 476.0 
n°110     299 47 4 2 8 8 8 10 475.8 
n°111     291 47 4 2 8 8 8 10 474.2 
n°112     293 48 4 2 8 8 8 10 476.6 
n°113     292 46 4 2 8 8 8 10 472.4 
n°114     299 47 4 2 8 8 8 10 475.8 
n°115     294 48 4 2 8 8 8 10 476.8 
n°116     297 48 4 2 8 8 8 10 477.4 
n°117     297 47 4 2 9 8 8 10 480.4 
n°118     295 47 4 2 8 8 8 10 475.0 
n°119     295 47 4 2 8 8 8 10 475.0 
n°120     298 47 4 2 8 8 8 10 475.6 
n°121     291 46 4 2 8 8 8 10 472.2 
n°122     291 48 4 2 8 8 8 10 476.2 
n°123     297 47 4 2 8 8 9 10 480.4 
n°124     292 49 4 2 10 10 10 10 508.4 
n°125     298 47 4 2 8 8 9 10 480.6 
n°126     290 46 4 2 8 8 8 10 472.0 
n°127     296 46 4 2 8 9 8 10 478.2 
n°128     299 49 4 2 8 8 8 10 479.8 
n°129     291 47 4 2 8 8 8 10 474.2 
n°130     294 46 4 2 8 8 8 10 472.8 
n°131     296 46 4 2 8 8 8 10 473.2 
n°132     300 47 4 2 8 8 8 10 476.0 
n°133     298 48 4 2 9 8 8 10 482.6 
n°134     295 47 4 2 8 8 8 10 475.0 
n°135     296 46 4 2 8 8 8 10 473.2 
n°136     293 46 4 2 8 8 8 10 472.6 
n°137     293 46 4 2 8 8 8 10 472.6 
n°138     290 47 4 2 8 8 8 10 474.0 
n°139     299 48 4 2 8 8 8 10 477.8 
n°140     295 46 4 2 9 8 8 10 478.0 
n°141     298 48 4 2 10 8 8 10 487.6 
n°142     290 47 4 2 8 8 8 10 474.0 
n°143     295 46 4 2 9 8 8 10 478.0 
n°144     294 46 4 2 8 8 8 10 472.8 
n°145     295 46 4 2 9 8 8 10 478.0 
n°146     296 46 4 2 8 8 8 10 473.2 
n°147     298 46 4 2 8 8 8 10 473.6 
n°148     296 48 4 2 9 9 9 10 492.2 
n°149     300 46 4 2 9 8 8 10 479.0 
n°150     300 46 4 2 8 8 8 10 474.0 
n°151     290 48 4 2 10 10 9 10 501.0 
n°152     291 48 4 2 8 8 8 10 476.2 
n°153     299 46 4 2 8 8 8 10 473.8 
n°154     294 47 4 2 8 8 8 10 474.8 
n°155     299 48 4 2 9 8 8 10 482.8 
n°156     291 48 4 2 8 8 8 10 476.2 
n°157     295 46 4 2 8 8 8 10 473.0 
n°158     300 49 4 2 9 9 9 10 495.0 
n°159     294 48 4 2 8 9 8 10 481.8 
n°160     296 48 4 2 8 8 8 10 477.2 
n°161     295 46 4 2 8 8 8 10 473.0 
n°162     299 47 4 2 8 8 8 10 475.8 
n°163     295 48 4 2 9 8 9 10 487.0 
n°164     300 49 4 2 8 8 9 10 485.0 
n°165     292 48 4 2 8 9 8 10 481.4 
n°166     291 46 4 2 8 8 8 10 472.2 
n°167     296 47 4 2 8 9 8 10 480.2 
n°168     299 50 4 2 8 8 8 10 481.8 
n°169     294 46 4 2 8 8 8 10 472.8 
n°170     294 48 4 2 9 8 8 10 481.8 
n°171     298 48 4 2 10 10 9 10 502.6 
n°172     300 50 4 2 8 8 8 10 482.0 
n°173     297 49 4 2 9 9 8 10 489.4 
n°174     292 48 4 2 10 10 10 10 506.4 
n°175     297 48 4 2 8 8 9 10 482.4 
n°176     291 47 4 2 8 8 8 10 474.2 
n°177     294 48 4 2 8 8 8 10 476.8 
n°178     298 46 4 2 8 8 8 10 473.6 
n°179     299 48 4 2 8 8 8 10 477.8 
n°180     298 48 4 2 9 9 8 10 487.6 
n°181     291 48 4 2 8 8 9 10 481.2 
n°182     290 47 4 2 8 8 8 10 474.0 
n°183     300 47 4 2 8 8 8 10 476.0 
n°184     298 47 4 2 8 8 8 10 475.6 
n°185     300 47 4 2 8 8 8 10 476.0 
n°186     290 46 4 2 8 8 8 10 472.0 
n°187     300 49 4 2 8 8 8 10 480.0 
n°188     294 50 4 2 8 8 8 10 480.8 
n°189     296 49 4 2 8 8 8 10 479.2 
n°190     291 47 4 2 8 8 8 10 474.2 
n°191     297 49 4 2 10 10 10 10 509.4 
n°192     298 47 4 2 8 8 9 10 480.6 
n°193     295 46 4 2 8 8 8 10 473.0 
n°194     295 46 4 2 8 8 8 10 473.0 
n°195     294 46 4 2 9 9 8 10 482.8 
n°196     294 46 4 2 9 9 8 10 482.8 
n°197     298 46 4 2 8 8 8 10 473.6 
n°198     296 47 4 2 8 8 8 10 475.2 
n°199     298 48 4 2 8 8 9 10 482.6 
n°200     295 48 4 2 9 8 8 10 482.0 
n°201     290 46 4 2 8 8 8 10 472.0 
n°202     298 46 4 2 8 8 8 10 473.6 
n°203     296 50 4 2 8 8 10 10 491.2 
n°204     292 46 4 2 8 8 8 10 472.4 
n°205     296 48 4 2 8 9 8 10 482.2 
n°206     291 47 4 2 10 10 10 10 504.2 
n°207     293 47 4 2 8 8 8 10 474.6 
n°208     296 47 4 2 10 9 9 10 495.2 
n°209     290 47 4 2 8 8 8 10 474.0 
n°210     300 47 4 2 9 9 9 10 491.0 
n°211     297 48 4 2 10 10 9 10 502.4 
n°212     291 46 4 2 8 8 8 10 472.2 
n°213     294 50 4 2 10 10 9 10 505.8 
n°214     294 49 4 2 10 10 10 10 508.8 
n°215     298 47 4 2 8 9 8 10 480.6 
n°216     300 46 4 2 9 9 9 10 489.0 
n°217     297 47 4 2 8 8 8 10 475.4 
n°218     299 46 4 2 9 8 8 10 478.8 
n°219     297 46 4 2 8 8 8 10 473.4 
n°220     297 46 4 2 8 8 8 10 473.4 
n°221     297 48 4 2 8 8 8 10 477.4 
n°222     297 48 4 2 8 8 8 10 477.4 
n°223     292 50 4 2 10 9 9 10 500.4 
n°224     292 46 4 2 10 9 9 10 492.4 

 tenta_plus =0     tenta = 1     299 46 4 2 8 8 8 10 473.8 
tenta_plus =1     tenta = 2     300 49 4 2 9 9 9 10 495.0 
tenta_plus =1     tenta = 3     298 47 4 2 8 8 8 10 475.6 
tenta_plus =1     tenta = 4     298 46 4 2 8 8 8 10 473.6 
tenta_plus =1     tenta = 5     296 48 4 2 8 8 8 10 477.2 
tenta_plus =1     tenta = 6     291 46 4 2 8 8 8 10 472.2 
tenta_plus =1     tenta = 7     294 48 4 2 8 8 8 10 476.8 
tenta_plus =1     tenta = 8     295 48 4 2 8 8 8 10 477.0 
tenta_plus =1     tenta = 9     295 48 4 2 8 8 8 10 477.0 
tenta_plus =2     tenta = 10     298 48 4 2 10 10 9 10 502.6 
tenta_plus =2     tenta = 11     297 48 4 2 8 8 8 10 477.4 
tenta_plus =2     tenta = 12     294 47 4 2 8 8 8 10 474.8 
tenta_plus =2     tenta = 13     295 48 4 2 9 9 8 10 487.0 
tenta_plus =2     tenta = 14     295 47 4 2 8 8 8 10 475.0 
tenta_plus =2     tenta = 15     299 46 4 2 8 8 8 10 473.8 
tenta_plus =2     tenta = 16     299 46 4 2 8 8 8 10 473.8 
tenta_plus =2     tenta = 17     299 46 4 2 8 8 8 10 473.8 
tenta_plus =2     tenta = 18     296 47 4 2 8 8 8 10 475.2 
tenta_plus =2     tenta = 19     296 47 4 2 8 8 8 10 475.2 
tenta_plus =2     tenta = 20     296 47 4 2 8 8 8 10 475.2 
tenta_plus =3     tenta = 21     294 50 4 2 10 10 10 10 510.8 
tenta_plus =4     tenta = 22     300 48 4 2 9 9 9 10 493.0 
tenta_plus =4     tenta = 23     295 46 4 2 8 8 8 10 473.0 
tenta_plus =4     tenta = 24     296 46 4 2 8 8 8 10 473.2 
tenta_plus =5     tenta = 25     299 47 4 2 10 9 9 10 495.8 
tenta_plus =5     tenta = 26     295 46 4 2 8 8 8 10 473.0 
tenta_plus =5     tenta = 27     300 48 4 2 8 8 8 10 478.0 
tenta_plus =5     tenta = 28     297 48 4 2 10 8 8 10 487.4 
tenta_plus =5     tenta = 29     297 48 4 2 8 8 8 10 477.4 
tenta_plus =5     tenta = 30     290 47 4 2 8 8 8 10 474.0 
tenta_plus =6     tenta = 31     291 48 4 2 9 9 9 10 491.2 
tenta_plus =6     tenta = 32     296 46 4 2 8 8 9 10 478.2 
tenta_plus =6     tenta = 33     296 48 4 2 8 8 8 10 477.2 
tenta_plus =6     tenta = 34     296 48 4 2 8 8 8 10 477.2 
tenta_plus =6     tenta = 35     300 46 4 2 8 9 8 10 479.0 
tenta_plus =6     tenta = 36     293 48 4 2 8 8 9 10 481.6 
tenta_plus =6     tenta = 37     295 46 4 2 8 8 8 10 473.0 
tenta_plus =6     tenta = 38     291 47 4 2 8 9 8 10 479.2 
tenta_plus =6     tenta = 39     291 47 4 2 8 9 8 10 479.2 
tenta_plus =6     tenta = 40     291 46 4 2 8 8 8 10 472.2 
tenta_plus =6     tenta = 41     295 49 4 2 8 9 8 10 484.0 
tenta_plus =6     tenta = 42     292 47 4 2 8 8 8 10 474.4 
tenta_plus =7     tenta = 43     296 48 4 2 9 9 9 10 492.2 

 tenta_plus =1     tenta = 1     295 50 4 2 9 9 8 10 491.0 
tenta_plus =1     tenta = 2     296 47 4 2 8 8 8 10 475.2 
tenta_plus =1     tenta = 3     296 46 4 2 8 8 8 10 473.2 
tenta_plus =1     tenta = 4     290 48 4 2 8 8 8 10 476.0 
tenta_plus =1     tenta = 5     291 47 4 2 8 8 9 10 479.2 
tenta_plus =1     tenta = 6     296 48 4 2 8 8 8 10 477.2 
tenta_plus =1     tenta = 7     296 48 4 2 8 8 8 10 477.2 
tenta_plus =2     tenta = 8     300 49 4 2 10 10 10 10 510.0 
tenta_plus =2     tenta = 9     292 46 4 2 8 8 9 10 477.4 
tenta_plus =2     tenta = 10     298 48 4 2 8 8 8 10 477.6 
tenta_plus =2     tenta = 11     298 47 4 2 8 8 8 10 475.6 
tenta_plus =2     tenta = 12     290 47 4 2 8 8 8 10 474.0 
tenta_plus =3     tenta = 13     296 47 4 2 10 9 9 10 495.2 
tenta_plus =3     tenta = 14     290 47 4 2 8 8 8 10 474.0 
tenta_plus =3     tenta = 15     290 48 4 2 8 8 8 10 476.0 
tenta_plus =3     tenta = 16     291 46 4 2 8 8 8 10 472.2 
tenta_plus =3     tenta = 17     291 48 4 2 8 8 8 10 476.2 
tenta_plus =3     tenta = 18     299 49 4 2 8 8 9 10 484.8 
tenta_plus =3     tenta = 19     291 46 4 2 9 8 8 10 477.2 
tenta_plus =4     tenta = 20     299 48 4 2 10 10 9 10 502.8 
tenta_plus =4     tenta = 21     296 47 4 2 9 9 8 10 485.2 
tenta_plus =4     tenta = 22     292 47 4 2 9 8 8 10 479.4 
tenta_plus =4     tenta = 23     297 47 4 2 8 8 8 10 475.4 
tenta_plus =4     tenta = 24     292 46 4 2 9 8 8 10 477.4 
tenta_plus =4     tenta = 25     298 46 4 2 8 8 9 10 478.6 
tenta_plus =4     tenta = 26     300 46 4 2 8 8 8 10 474.0 
tenta_plus =4     tenta = 27     298 47 4 2 8 8 8 10 475.6 
tenta_plus =5     tenta = 28     293 47 4 2 10 10 10 10 504.6 
tenta_plus =5     tenta = 29     300 47 4 2 8 8 8 10 476.0 
tenta_plus =5     tenta = 30     297 46 4 2 8 9 8 10 478.4 
tenta_plus =5     tenta = 31     297 46 4 2 8 8 8 10 473.4 
tenta_plus =6     tenta = 32     290 49 4 2 10 9 9 10 498.0 
tenta_plus =6     tenta = 33     300 47 4 2 9 8 9 10 486.0 
tenta_plus =6     tenta = 34     300 46 4 2 8 9 8 10 479.0 
tenta_plus =6     tenta = 35     300 47 4 2 8 8 8 10 476.0 
tenta_plus =6     tenta = 36     290 47 4 2 8 8 8 10 474.0 
tenta_plus =6     tenta = 37     298 46 4 2 9 8 8 10 478.6 
tenta_plus =6     tenta = 38     292 46 4 2 8 8 8 10 472.4 
tenta_plus =6     tenta = 39     290 48 4 2 8 8 8 10 476.0 
tenta_plus =6     tenta = 40     296 47 4 2 8 8 8 10 475.2 
tenta_plus =6     tenta = 41     297 47 4 2 8 8 8 10 475.4 
tenta_plus =6     tenta = 42     291 47 4 2 8 8 9 10 479.2 
tenta_plus =6     tenta = 43     291 46 4 2 8 8 8 10 472.2 
tenta_plus =6     tenta = 44     291 47 4 2 8 8 8 10 474.2 
tenta_plus =6     tenta = 45     291 48 4 2 8 8 8 10 476.2 
tenta_plus =6     tenta = 46     296 50 4 2 8 8 9 10 486.2 
tenta_plus =6     tenta = 47     300 48 4 2 8 8 8 10 478.0 
tenta_plus =6     tenta = 48     300 47 4 2 8 8 8 10 476.0 
tenta_plus =6     tenta = 49     299 46 4 2 9 8 8 10 478.8 
tenta_plus =7     tenta = 50     291 47 4 2 10 9 9 10 494.2 
tenta_plus =7     tenta = 51     292 46 4 2 8 8 8 10 472.4 
tenta_plus =7     tenta = 52     295 49 4 2 8 8 8 10 479.0 
tenta_plus =7     tenta = 53     294 46 4 2 8 9 8 10 477.8 
tenta_plus =7     tenta = 54     297 47 4 2 8 8 9 10 480.4 
tenta_plus =7     tenta = 55     300 46 4 2 9 9 9 10 489.0 
tenta_plus =7     tenta = 56     294 49 4 2 8 8 8 10 478.8 
tenta_plus =8     tenta = 57     290 47 4 2 10 10 10 10 504.0 
tenta_plus =9     tenta = 58     294 48 4 2 10 10 10 10 506.8 
tenta_plus =9     tenta = 59     296 46 4 2 8 8 8 10 473.2 
tenta_plus =9     tenta = 60     293 47 4 2 8 8 8 10 474.6 
tenta_plus =10     tenta = 61     298 47 4 2 9 9 9 10 490.6 
tenta_plus =10     tenta = 62     292 47 4 2 8 8 8 10 474.4 
tenta_plus =10     tenta = 63     292 48 4 2 8 8 8 10 476.4 
tenta_plus =10     tenta = 64     290 48 4 2 8 8 8 10 476.0 
tenta_plus =10     tenta = 65     294 48 4 2 8 8 8 10 476.8 
tenta_plus =10     tenta = 66     299 48 4 2 8 8 8 10 477.8 
tenta_plus =11     tenta = 67     299 48 4 2 10 10 9 10 502.8 
tenta_plus =11     tenta = 68     300 48 4 2 8 8 8 10 478.0 
tenta_plus =11     tenta = 69     292 46 4 2 9 9 9 10 487.4 
tenta_plus =12     tenta = 70     296 48 4 2 10 10 10 10 507.2 
tenta_plus =12     tenta = 71     291 48 4 2 9 8 8 10 481.2 
tenta_plus =13     tenta = 72     297 48 4 2 10 9 9 10 497.4 
tenta_plus =13     tenta = 73     291 48 4 2 8 8 9 10 481.2 
tenta_plus =13     tenta = 74     298 46 4 2 10 8 8 10 483.6 
tenta_plus =13     tenta = 75     291 47 4 2 8 8 8 10 474.2 
tenta_plus =13     tenta = 76     294 48 4 2 8 8 8 10 476.8 
tenta_plus =13     tenta = 77     298 48 4 2 9 8 8 10 482.6 
tenta_plus =14     tenta = 78     292 47 4 2 10 9 9 10 494.4 
tenta_plus =14     tenta = 79     298 48 4 2 8 8 8 10 477.6 
tenta_plus =14     tenta = 80     292 46 4 2 8 8 8 10 472.4 
tenta_plus =14     tenta = 81     299 47 4 2 8 8 8 10 475.8 
tenta_plus =14     tenta = 82     291 47 4 2 8 8 8 10 474.2 
tenta_plus =14     tenta = 83     290 46 4 2 8 8 8 10 472.0 
tenta_plus =14     tenta = 84     297 47 4 2 8 8 8 10 475.4 
tenta_plus =15     tenta = 85     297 48 4 2 10 10 9 10 502.4 
tenta_plus =15     tenta = 86     290 48 4 2 8 8 8 10 476.0 
tenta_plus =15     tenta = 87     295 47 4 2 8 8 8 10 475.0 
tenta_plus =15     tenta = 88     295 46 4 2 8 8 8 10 473.0 
tenta_plus =15     tenta = 89     300 47 4 2 8 8 8 10 476.0 
tenta_plus =15     tenta = 90     297 48 4 2 8 8 8 10 477.4 
tenta_plus =15     tenta = 91     297 48 4 2 8 8 8 10 477.4 
tenta_plus =15     tenta = 92     296 47 4 2 8 8 8 10 475.2 
tenta_plus =15     tenta = 93     291 47 4 2 9 9 9 10 489.2 
tenta_plus =15     tenta = 94     291 46 4 2 8 8 8 10 472.2 
tenta_plus =15     tenta = 95     292 47 4 2 9 9 9 10 489.4 
tenta_plus =15     tenta = 96     290 48 4 2 8 8 8 10 476.0 
tenta_plus =15     tenta = 97     297 47 4 2 8 8 8 10 475.4 
tenta_plus =15     tenta = 98     291 46 4 2 8 8 8 10 472.2 
tenta_plus =15     tenta = 99     293 46 4 2 8 8 8 10 472.6 
tenta_plus =16     tenta = 100     290 49 4 2 10 9 9 10 498.0 
tenta_plus =16     tenta = 101     290 49 4 2 8 8 8 10 478.0 
tenta_plus =16     tenta = 102     295 47 4 2 8 8 8 10 475.0 
tenta_plus =16     tenta = 103     296 47 4 2 8 8 8 10 475.2 
tenta_plus =16     tenta = 104     294 48 4 2 8 9 8 10 481.8 
tenta_plus =16     tenta = 105     290 50 4 2 8 8 9 10 485.0 
tenta_plus =16     tenta = 106     292 47 4 2 8 8 8 10 474.4 
tenta_plus =16     tenta = 107     291 47 4 2 8 8 8 10 474.2 
tenta_plus =17     tenta = 108     293 47 4 2 10 9 9 10 494.6 
tenta_plus =17     tenta = 109     290 49 4 2 8 8 8 10 478.0 
tenta_plus =18     tenta = 110     298 48 4 2 10 10 9 10 502.6 
tenta_plus =18     tenta = 111     300 46 4 2 8 8 8 10 474.0 
tenta_plus =18     tenta = 112     290 48 4 2 8 8 8 10 476.0 
tenta_plus =18     tenta = 113     300 47 4 2 8 9 8 10 481.0 
tenta_plus =18     tenta = 114     297 48 4 2 8 8 9 10 482.4 
tenta_plus =18     tenta = 115     292 48 4 2 8 8 8 10 476.4 
tenta_plus =19     tenta = 116     290 50 4 2 9 9 8 10 490.0 
tenta_plus =19     tenta = 117     298 47 4 2 8 8 8 10 475.6 
tenta_plus =19     tenta = 118     297 47 4 2 8 8 8 10 475.4 
tenta_plus =19     tenta = 119     293 48 4 2 8 8 8 10 476.6 
tenta_plus =19     tenta = 120     290 48 4 2 8 8 8 10 476.0 
tenta_plus =19     tenta = 121     292 47 4 2 8 8 8 10 474.4 
tenta_plus =19     tenta = 122     299 46 4 2 8 8 9 10 478.8 
tenta_plus =19     tenta = 123     296 48 4 2 8 9 8 10 482.2 
tenta_plus =19     tenta = 124     291 49 4 2 8 8 8 10 478.2 
tenta_plus =19     tenta = 125     296 48 4 2 8 8 8 10 477.2 
tenta_plus =19     tenta = 126     296 46 4 2 9 8 8 10 478.2 
tenta_plus =19     tenta = 127     297 47 4 2 8 8 8 10 475.4 
tenta_plus =19     tenta = 128     290 48 4 2 8 8 8 10 476.0 
tenta_plus =19     tenta = 129     292 48 4 2 8 8 8 10 476.4 
tenta_plus =19     tenta = 130     292 48 4 2 8 8 8 10 476.4 
tenta_plus =19     tenta = 131     290 47 4 2 8 8 8 10 474.0 
tenta_plus =19     tenta = 132     290 46 4 2 8 8 8 10 472.0 
tenta_plus =19     tenta = 133     290 46 4 2 9 8 8 10 477.0 
tenta_plus =19     tenta = 134     291 47 4 2 8 8 8 10 474.2 
tenta_plus =19     tenta = 135     294 46 4 2 8 9 8 10 477.8 
tenta_plus =19     tenta = 136     292 46 4 2 8 8 8 10 472.4 
tenta_plus =19     tenta = 137     300 47 4 2 8 8 8 10 476.0 
tenta_plus =20     tenta = 138     295 50 4 2 10 9 9 10 501.0 
tenta_plus =20     tenta = 139     299 46 4 2 8 8 8 10 473.8 
tenta_plus =20     tenta = 140     291 48 4 2 8 8 8 10 476.2 
tenta_plus =20     tenta = 141     290 46 4 2 8 8 8 10 472.0 
tenta_plus =21     tenta = 142     290 48 4 2 9 9 9 10 491.0 
tenta_plus =21     tenta = 143     298 47 4 2 8 8 8 10 475.6 
tenta_plus =21     tenta = 144     298 47 4 2 8 8 8 10 475.6 
tenta_plus =21     tenta = 145     293 47 4 2 8 8 8 10 474.6 
tenta_plus =21     tenta = 146     292 46 4 2 8 8 8 10 472.4 
tenta_plus =21     tenta = 147     299 48 4 2 8 8 8 10 477.8 
tenta_plus =21     tenta = 148     294 47 4 2 9 9 8 10 484.8 
tenta_plus =21     tenta = 149     294 46 4 2 8 8 8 10 472.8 
tenta_plus =22     tenta = 150     296 48 4 2 10 10 10 10 507.2 
tenta_plus =22     tenta = 151     297 49 4 2 9 8 8 10 484.4 
tenta_plus =22     tenta = 152     297 46 4 2 9 9 9 10 488.4 
tenta_plus =22     tenta = 153     297 46 4 2 8 8 9 10 478.4 
tenta_plus =22     tenta = 154     293 49 4 2 8 8 8 10 478.6 
tenta_plus =22     tenta = 155     298 47 4 2 8 8 8 10 475.6 
tenta_plus =22     tenta = 156     295 46 4 2 8 8 8 10 473.0 
tenta_plus =22     tenta = 157     291 46 4 2 8 8 9 10 477.2 
tenta_plus =22     tenta = 158     293 48 4 2 8 8 9 10 481.6 
tenta_plus =22     tenta = 159     291 47 4 2 9 9 9 10 489.2 
tenta_plus =23     tenta = 160     296 48 4 2 10 10 9 10 502.2 
tenta_plus =23     tenta = 161     293 46 4 2 8 8 8 10 472.6 
tenta_plus =23     tenta = 162     299 47 4 2 8 8 8 10 475.8 
tenta_plus =23     tenta = 163     293 47 4 2 8 8 9 10 479.6 
tenta_plus =23     tenta = 164     292 47 4 2 8 8 8 10 474.4 
tenta_plus =23     tenta = 165     299 46 4 2 8 8 8 10 473.8 
tenta_plus =23     tenta = 166     298 48 4 2 8 8 9 10 482.6 
tenta_plus =23     tenta = 167     299 46 4 2 8 8 8 10 473.8 
tenta_plus =23     tenta = 168     297 46 4 2 8 8 9 10 478.4 
tenta_plus =23     tenta = 169     294 48 4 2 8 8 8 10 476.8 
tenta_plus =23     tenta = 170     293 46 4 2 8 8 8 10 472.6 
tenta_plus =23     tenta = 171     299 47 4 2 9 8 8 10 480.8 
tenta_plus =23     tenta = 172     296 48 4 2 8 8 8 10 477.2 
tenta_plus =23     tenta = 173     296 46 4 2 8 8 8 10 473.2 
tenta_plus =23     tenta = 174     299 48 4 2 8 8 8 10 477.8 
tenta_plus =23     tenta = 175     291 46 4 2 8 8 8 10 472.2 

 tenta_plus =0     tenta = 1     297 48 4 2 9 8 8 10 482.4 

 tenta_plus =0     tenta = 1     296 46 4 2 8 8 8 10 473.2 

 tenta_plus =0     tenta = 1     298 48 4 2 8 8 8 10 477.6 

 tenta_plus =0     tenta = 1     291 46 4 2 8 9 8 10 477.2 
tenta_plus =1     tenta = 2     291 48 4 2 10 10 10 10 506.2 

 tenta_plus =0     tenta = 1     300 47 4 2 8 8 8 10 476.0 
tenta_plus =0     tenta = 2     291 46 4 2 8 9 8 10 477.2 

 tenta_plus =0     tenta = 1     291 46 4 2 9 9 9 10 487.2 
tenta_plus =0     tenta = 2     298 47 4 2 8 9 9 10 485.6 
tenta_plus =0     tenta = 3     298 47 4 2 8 8 8 10 475.6 

 tenta_plus =0     tenta = 1     300 46 4 2 9 8 8 10 479.0 
tenta_plus =0     tenta = 2     299 48 4 2 8 8 8 10 477.8 
tenta_plus =0     tenta = 3     293 47 4 2 8 9 8 10 479.6 
tenta_plus =0     tenta = 4     299 47 4 2 8 8 8 10 475.8 
tenta_plus =1     tenta = 5     296 47 4 2 10 10 9 10 500.2 
tenta_plus =1     tenta = 6     294 46 4 2 8 8 8 10 472.8 
tenta_plus =1     tenta = 7     292 46 4 2 8 8 8 10 472.4 
tenta_plus =1     tenta = 8     296 47 4 2 8 8 8 10 475.2 
tenta_plus =1     tenta = 9     296 47 4 2 8 8 8 10 475.2 
tenta_plus =2     tenta = 10     296 47 4 2 10 9 9 10 495.2 
tenta_plus =2     tenta = 11     297 48 4 2 9 8 9 10 487.4 
tenta_plus =2     tenta = 12     290 48 4 2 8 8 8 10 476.0 
tenta_plus =2     tenta = 13     298 46 4 2 8 9 8 10 478.6 
tenta_plus =3     tenta = 14     297 50 4 2 9 9 9 10 496.4 
tenta_plus =3     tenta = 15     298 47 4 2 8 8 8 10 475.6 
tenta_plus =3     tenta = 16     295 47 4 2 8 8 8 10 475.0 
tenta_plus =3     tenta = 17     293 48 4 2 8 8 8 10 476.6 
tenta_plus =3     tenta = 18     298 48 4 2 9 8 8 10 482.6 
tenta_plus =3     tenta = 19     298 47 4 2 8 8 8 10 475.6 
tenta_plus =3     tenta = 20     297 48 4 2 9 9 8 10 487.4 
tenta_plus =3     tenta = 21     293 46 4 2 8 8 8 10 472.6 
tenta_plus =3     tenta = 22     292 46 4 2 8 8 8 10 472.4 
tenta_plus =3     tenta = 23     297 46 4 2 8 8 8 10 473.4 
tenta_plus =3     tenta = 24     299 46 4 2 8 8 9 10 478.8 
tenta_plus =3     tenta = 25     299 47 4 2 8 8 8 10 475.8 
tenta_plus =3     tenta = 26     297 47 4 2 8 8 8 10 475.4 
tenta_plus =3     tenta = 27     298 46 4 2 9 8 8 10 478.6 
tenta_plus =3     tenta = 28     290 47 4 2 8 8 8 10 474.0 
tenta_plus =3     tenta = 29     298 47 4 2 8 8 8 10 475.6 
tenta_plus =3     tenta = 30     296 49 4 2 8 8 8 10 479.2 
tenta_plus =3     tenta = 31     290 46 4 2 8 8 8 10 472.0 
tenta_plus =3     tenta = 32     295 47 4 2 9 8 8 10 480.0 
tenta_plus =3     tenta = 33     292 48 4 2 9 8 8 10 481.4 
tenta_plus =4     tenta = 34     291 49 4 2 10 10 9 10 503.2 
tenta_plus =4     tenta = 35     296 46 4 2 8 8 8 10 473.2 
tenta_plus =4     tenta = 36     295 46 4 2 8 8 8 10 473.0 
tenta_plus =4     tenta = 37     295 48 4 2 8 8 8 10 477.0 
tenta_plus =5     tenta = 38     300 47 4 2 9 9 9 10 491.0 
tenta_plus =6     tenta = 39     294 48 4 2 10 10 9 10 501.8 
tenta_plus =6     tenta = 40     298 47 4 2 8 8 9 10 480.6 
tenta_plus =7     tenta = 41     300 47 4 2 10 10 10 10 506.0 
tenta_plus =8     tenta = 42     299 49 4 2 9 9 9 10 494.8 
tenta_plus =8     tenta = 43     291 46 4 2 8 8 8 10 472.2 
tenta_plus =8     tenta = 44     297 46 4 2 8 8 8 10 473.4 
tenta_plus =8     tenta = 45     300 47 4 2 8 8 8 10 476.0 
tenta_plus =8     tenta = 46     297 47 4 2 8 8 8 10 475.4 
tenta_plus =9     tenta = 47     295 48 4 2 10 10 9 10 502.0 
tenta_plus =9     tenta = 48     295 46 4 2 8 10 8 10 483.0 
tenta_plus =9     tenta = 49     292 49 4 2 8 8 8 10 478.4 
tenta_plus =10     tenta = 50     297 47 4 2 10 10 10 10 505.4 
tenta_plus =10     tenta = 51     290 47 4 2 8 8 8 10 474.0 
tenta_plus =10     tenta = 52     292 46 4 2 8 8 8 10 472.4 
tenta_plus =11     tenta = 53     297 47 4 2 10 10 9 10 500.4 
tenta_plus =11     tenta = 54     294 47 4 2 8 8 9 10 479.8 
tenta_plus =11     tenta = 55     298 48 4 2 8 8 8 10 477.6 
