n°0     400 100 39 5 1 1 20 0 11 10 15 788.0 
n°0     396 96 39 5 1 1 20 0 10 10 15 777.2 

 n°1     395 96 38 5 0 1 20 0 13 10 15 692.0 
n°2     394 96 38 5 0 1 20 0 13 10 15 691.8 
n°2     392 92 37 5 1 1 20 0 12 10 15 778.4 
n°3     396 98 38 5 0 1 20 0 13 10 15 694.2 
n°3     390 92 39 5 1 1 20 0 11 10 15 778.0 
n°3     394 94 38 5 1 1 20 0 10 10 15 771.8 
n°3     395 100 37 5 1 1 20 0 10 10 15 775.0 
n°4     391 92 37 5 0 1 20 0 13 10 15 684.2 
n°5     397 96 38 5 0 1 20 0 13 10 15 692.4 
n°5     399 99 39 5 1 1 20 0 11 10 15 786.8 
n°6     398 98 38 5 0 1 20 0 13 10 15 694.6 
n°6     391 99 39 5 0 1 20 0 14 10 15 703.2 
n°6     391 99 39 5 0 1 20 0 14 10 15 703.2 
n°7     391 99 39 5 0 1 20 0 14 10 15 703.2 
n°7     n°7     391 99 39 5 0 1 20 0 14 10 15 703.2 
 703.2 
n°0     396 94 39 5 1 1 20 0 12 10 15 787.2 

 n°1     396 96 38 5 0 1 20 0 13 10 15 692.2 
n°2     397 93 39 5 0 1 20 0 14 10 15 698.4 
n°2     399 100 38 5 1 1 20 0 10 10 15 778.8 
n°2     394 93 38 5 1 1 20 0 11 10 15 776.8 
n°3     398 97 38 5 0 1 20 0 13 10 15 693.6 
n°4     398 94 37 5 0 1 20 0 13 10 15 687.6 
n°4     397 93 38 5 1 1 20 0 11 10 15 777.4 
n°5     395 93 38 5 0 1 20 0 13 10 15 689.0 
n°6     397 98 39 5 0 1 20 0 13 10 15 697.4 
n°7     396 94 37 5 0 1 20 0 13 10 15 687.2 
n°7     395 99 38 5 1 1 20 0 10 10 15 777.0 
n°8     399 97 37 5 0 1 20 0 13 10 15 690.8 
n°10     400 100 38 5 0 1 20 0 13 10 15 697.0 
n°11     391 96 38 5 0 1 20 0 13 10 15 691.2 
n°11     396 92 37 5 1 1 20 0 10 10 15 767.2 
n°12     399 94 37 5 0 1 20 0 13 10 15 687.8 
n°13     399 93 38 5 0 1 20 0 13 10 15 689.8 
n°13     393 93 37 5 1 1 20 0 11 10 15 773.6 
n°0     397 96 39 5 1 1 20 0 10 10 15 777.4 

 n°1     397 97 38 5 0 1 20 0 13 10 15 693.4 
n°2     397 99 39 5 0 1 20 0 13 10 15 698.4 
n°3     393 98 37 5 0 1 20 0 13 10 15 690.6 
n°4     398 99 37 5 0 1 20 0 13 10 15 692.6 
n°5     397 96 38 5 0 1 20 0 13 10 15 692.4 
n°6     398 92 38 5 0 1 20 0 13 10 15 688.6 
n°7     391 100 38 5 0 1 20 0 13 10 15 695.2 
n°8     395 97 37 5 0 1 20 0 13 10 15 690.0 
n°0     399 98 38 5 1 1 20 0 11 10 15 782.8 

 n°1     390 97 39 5 0 1 20 0 13 10 15 695.0 

 n°1     398 97 38 5 1 1 20 0 10 10 15 775.6 

 n°1     396 92 39 5 0 1 20 0 13 10 15 691.2 
n°0     392 92 36 5 1 1 20 0 10 10 15 763.4 
n°0     392 92 36 5 1 1 20 0 10 10 15 763.4 

 n°1     392 96 38 5 0 1 20 0 13 10 15 691.4 

 n°1     392 99 36 5 1 1 20 0 12 10 15 782.4 

 n°1     399 93 38 5 1 1 20 0 10 10 15 771.8 

 n°1     398 93 37 5 1 1 20 0 10 10 15 768.6 
n°2     391 93 37 5 0 1 20 0 13 10 15 685.2 
n°4     399 95 37 5 0 1 20 0 13 10 15 688.8 
n°4     396 97 38 5 1 1 20 0 10 10 15 775.2 
n°5     391 98 36 5 0 1 20 0 13 10 15 687.2 
n°6     396 93 37 5 0 1 20 0 13 10 15 686.2 
n°7     396 93 37 5 0 1 20 0 14 10 15 692.2 
n°7     397 93 37 5 1 1 20 0 10 10 15 768.4 
n°7     394 100 36 5 1 1 20 0 10 10 15 771.8 
n°8     397 94 38 5 0 1 20 0 13 10 15 690.4 
n°8     397 96 38 5 1 1 20 0 12 10 15 786.4 
n°8     397 96 36 5 1 1 20 0 10 10 15 768.4 
n°9     398 93 36 5 0 1 20 0 13 10 15 683.6 
n°10     395 92 37 5 0 1 20 0 14 10 15 691.0 
n°11     398 95 38 5 0 1 20 0 13 10 15 691.6 
n°12     397 93 39 5 1 1 20 0 10 10 15 774.4 
n°12     392 96 37 5 1 1 20 0 10 10 15 770.4 
n°13     393 100 38 5 0 1 20 0 13 10 15 695.6 
n°14     396 96 37 5 1 1 20 0 12 10 15 783.2 
n°15     396 99 37 5 0 1 20 0 13 10 15 692.2 
n°15     393 98 36 5 1 1 20 0 12 10 15 781.6 
